0 0.455000 0.862000 0.096667 0.276000
0 0.318333 0.746000 0.190000 0.212000
0 0.296667 0.591000 0.206667 0.114000
0 0.088333 0.613000 0.156667 0.226000
0 0.140000 0.478000 0.193333 0.076000
0 0.156667 0.161000 0.093333 0.102000
0 0.538333 0.262000 0.103333 0.120000
0 0.708333 0.306000 0.130000 0.172000
0 0.941667 0.409000 0.116667 0.130000
0 0.878333 0.728000 0.136667 0.292000
0 0.863333 0.541000 0.173333 0.158000
0 0.865000 0.467000 0.170000 0.130000
0 0.663333 0.499000 0.166667 0.098000
0 0.523333 0.424000 0.133333 0.084000
0 0.415000 0.338000 0.090000 0.116000
0 0.266667 0.346000 0.066667 0.108000
0 0.200000 0.322000 0.113333 0.132000
0 0.333333 0.256000 0.100000 0.068000
0 0.403333 0.234000 0.086667 0.076000
0 0.505000 0.622000 0.123333 0.236000
