0 0.190000 0.358000 0.100000 0.100000
0 0.295000 0.369000 0.076667 0.082000
0 0.365000 0.375000 0.050000 0.082000
0 0.591667 0.351000 0.056667 0.082000
0 0.818333 0.356000 0.090000 0.080000
0 0.885000 0.827000 0.163333 0.342000
0 0.808333 0.605000 0.103333 0.190000
0 0.661667 0.490000 0.083333 0.116000
0 0.073333 0.590000 0.140000 0.252000
0 0.296667 0.681000 0.186667 0.298000
0 0.481667 0.846000 0.256667 0.284000
0 0.576667 0.627000 0.140000 0.174000
0 0.700000 0.722000 0.080000 0.252000
0 0.105000 0.278000 0.076667 0.052000
